-79.3   6     0.5     1
-33.7   13    6.4     0
-22.6   5     8.5     0
-10.6   14    9.3     0
-8.4    4     9.7     0
-6.9    8     10.1    0
0.2     6     10.8    0 
5.5     4     9.2     0
9.0     7     10.3    0
9.7     5     10.7    0 
-37.6   9     0.6     1
-0.2    9     6.1     0
21.0    9     10.8    0
28.3    4     10.4    0
29.2    6     9.2     0
31.0    14    8.4     0
31.6    8     10.4    0
31.6    4     8.5     0
33.7    5     10.7    0
36.7    9     9.4     0
